-96,-32,32,32,2,0
-96,0,32,32,1,1
-96,32,32,32,0,1
-96,64,32,32,0,1
-96,96,32,32,0,1
-128,96,32,32,2,0
-128,128,32,32,2,0
-160,128,32,32,2,0
-160,160,32,32,2,0
-192,160,32,32,2,0
-224,160,32,32,2,0
-256,160,32,32,2,0
-256,192,32,32,2,0
-288,192,32,32,2,0
-320,192,32,32,2,0
-352,192,32,32,2,0
-352,224,32,32,2,0
-384,224,32,32,2,0
-384,256,32,32,2,0
-416,256,32,32,2,0
-416,288,32,32,2,0
-448,288,32,32,2,0
-480,320,32,32,2,0
-448,320,32,32,2,0
-416,320,32,32,2,0
-384,320,32,32,2,0
-352,320,32,32,2,0
-320,320,32,32,2,0
-288,320,32,32,2,0
-256,320,32,32,2,0
-224,320,32,32,2,0
-192,320,32,32,2,0
-160,320,32,32,2,0
-128,320,32,32,2,0
-96,320,32,32,0,1
-64,320,32,32,0,1
-32,320,32,32,0,1
0,320,32,32,2,0
32,320,32,32,2,0
64,320,32,32,2,0
96,320,32,32,2,0
128,320,32,32,2,0
160,320,32,32,2,0
192,320,32,32,2,0
224,320,32,32,2,0
256,320,32,32,2,0
288,320,32,32,2,0
320,320,32,32,2,0
352,320,32,32,2,0
384,320,32,32,2,0
416,320,32,32,2,0
448,320,32,32,2,0
480,320,32,32,2,0
512,320,32,32,2,0
544,320,32,32,2,0
576,320,32,32,2,0
608,320,32,32,2,0
640,320,32,32,2,0
640,288,32,32,2,0
640,256,32,32,2,0
640,224,32,32,2,0
640,192,32,32,2,0
640,160,32,32,2,0
640,128,32,32,2,0
640,96,32,32,2,0
640,64,32,32,2,0
640,32,32,32,2,0
640,0,32,32,2,0
640,-32,32,32,2,0
640,-64,32,32,2,0
640,-96,32,32,2,0
640,-128,32,32,2,0
640,-160,32,32,2,0
640,-192,32,32,1,1
640,-224,32,32,1,1
640,-256,32,32,1,1
608,-256,32,32,1,1
608,-288,32,32,1,1
608,-320,32,32,1,1
640,-320,32,32,1,1
640,-288,32,32,1,1
576,-320,32,32,1,1
544,-320,32,32,1,1
512,-320,32,32,1,1
480,-320,32,32,2,0
448,-320,32,32,2,0
416,-320,32,32,2,0
384,-320,32,32,2,0
352,-320,32,32,2,0
320,-320,32,32,0,1
288,-320,32,32,0,1
256,-320,32,32,3,0
224,-320,32,32,2,0
192,-320,32,32,3,0
160,-320,32,32,0,0
128,-320,32,32,0,1
96,-320,32,32,2,0
64,-320,32,32,2,0
32,-320,32,32,2,0
0,-320,32,32,2,0
-32,-320,32,32,2,0
-64,-320,32,32,2,0
-96,-320,32,32,2,0
-128,-320,32,32,2,0
-160,-320,32,32,2,0
-192,-320,32,32,2,0
-224,-320,32,32,2,0
-256,-320,32,32,2,0
-288,-320,32,32,2,0
-320,-320,32,32,2,0
-352,-320,32,32,2,0
-384,-320,32,32,2,0
-416,-320,32,32,2,0
-448,-320,32,32,1,1
-448,-288,32,32,2,0
-480,-256,32,32,2,0
-480,-224,32,32,2,0
-480,-192,32,32,2,0
-480,-160,32,32,2,0
-480,-128,32,32,2,0
-512,-128,32,32,2,0
-512,-96,32,32,2,0
-512,-64,32,32,2,0
-512,-32,32,32,2,0
-512,0,32,32,2,0
-512,32,32,32,2,0
-512,64,32,32,2,0
-544,32,32,32,2,0
-544,0,32,32,2,0
-544,-32,32,32,2,0
-544,-64,32,32,2,0
-544,-96,32,32,2,0
-544,-128,32,32,2,0
-544,-160,32,32,2,0
-544,-192,32,32,2,0
-544,-224,32,32,1,1
-544,64,32,32,2,0
-544,96,32,32,2,0
-544,128,32,32,2,0
-544,160,32,32,2,0
-544,192,32,32,2,0
-544,224,32,32,2,0
-544,256,32,32,2,0
-544,288,32,32,2,0
-544,320,32,32,2,0
-512,320,32,32,2,0
-576,320,32,32,2,0
-576,288,32,32,2,0
-576,256,32,32,2,0
-576,224,32,32,2,0
-576,192,32,32,2,0
-576,160,32,32,2,0
-576,128,32,32,2,0
-576,96,32,32,2,0
-576,64,32,32,2,0
-576,32,32,32,2,0
-576,0,32,32,2,0
-576,-32,32,32,2,0
-576,-64,32,32,2,0
-576,-96,32,32,2,0
-576,-128,32,32,2,0
-576,-160,32,32,2,0
-576,-224,32,32,1,1
-576,-256,32,32,1,1
-576,-288,32,32,1,1
-544,-288,32,32,1,1
-544,-320,32,32,1,1
-512,-320,32,32,1,1
-480,-320,32,32,1,1
-480,-288,32,32,1,1
-512,-288,32,32,1,1
-544,-256,32,32,1,1
-576,-192,32,32,1,1
-576,-320,32,32,1,1
-512,-160,32,32,2,0
-512,-192,32,32,2,0
-512,-224,32,32,2,0
-512,-256,32,32,1,1
-512,192,32,32,2,0
-512,160,32,32,2,0
-512,128,32,32,2,0
-512,96,32,32,2,0
-512,224,32,32,2,0
-512,256,32,32,2,0
-512,288,32,32,2,0
-480,288,32,32,2,0
-384,288,32,32,2,0
-352,288,32,32,2,0
-320,288,32,32,2,0
-288,288,32,32,2,0
-256,288,32,32,2,0
-224,288,32,32,2,0
-192,288,32,32,2,0
-160,288,32,32,2,0
-128,288,32,32,2,0
-96,288,32,32,0,1
-64,288,32,32,0,1
-32,288,32,32,0,1
0,288,32,32,2,0
32,288,32,32,2,0
32,256,32,32,2,0
64,256,32,32,2,0
96,256,32,32,2,0
128,256,32,32,2,0
160,256,32,32,2,0
192,288,32,32,2,0
224,288,32,32,2,0
256,288,32,32,2,0
288,288,32,32,2,0
320,288,32,32,2,0
352,288,32,32,2,0
384,288,32,32,2,0
416,256,32,32,2,0
448,256,32,32,2,0
480,256,32,32,2,0
512,256,32,32,2,0
544,256,32,32,2,0
576,256,32,32,2,0
608,256,32,32,2,0
608,288,32,32,2,0
576,288,32,32,2,0
544,288,32,32,2,0
512,288,32,32,2,0
480,288,32,32,2,0
448,288,32,32,2,0
416,288,32,32,2,0
160,288,32,32,2,0
128,288,32,32,2,0
96,288,32,32,2,0
64,288,32,32,2,0
352,256,32,32,2,0
384,256,32,32,2,0
288,256,32,32,2,0
224,256,32,32,2,0
320,256,32,32,2,0
256,256,32,32,2,0
192,256,32,32,2,0
320,224,32,32,2,0
384,224,32,32,2,0
416,224,32,32,2,0
352,224,32,32,2,0
256,224,32,32,2,0
160,224,32,32,2,0
64,224,32,32,2,0
-32,224,32,32,0,1
-96,224,32,32,0,1
-128,224,32,32,2,0
-64,224,32,32,0,0
-160,224,32,32,2,0
-192,224,32,32,2,0
-256,224,32,32,2,0
-288,256,32,32,2,0
-320,256,32,32,2,0
-352,256,32,32,2,0
-448,256,32,32,2,0
-480,256,32,32,2,0
-256,256,32,32,2,0
-224,256,32,32,2,0
-192,256,32,32,2,0
-160,256,32,32,2,0
-128,256,32,32,2,0
-96,256,32,32,0,1
-64,256,32,32,0,0
-32,256,32,32,0,1
0,256,32,32,2,0
-224,224,32,32,2,0
-288,224,32,32,2,0
-416,224,32,32,2,0
-448,224,32,32,2,0
-480,224,32,32,2,0
-384,192,32,32,2,0
-224,192,32,32,2,0
-192,192,32,32,2,0
-128,192,32,32,2,0
-96,192,32,32,0,1
-64,192,32,32,0,1
-32,192,32,32,0,1
0,192,32,32,2,0
32,192,32,32,2,0
64,192,32,32,2,0
96,192,32,32,2,0
128,192,32,32,2,0
160,192,32,32,2,0
192,192,32,32,2,0
224,192,32,32,2,0
256,192,32,32,2,0
288,192,32,32,2,0
32,224,32,32,2,0
0,224,32,32,2,0
96,224,32,32,2,0
128,224,32,32,2,0
192,224,32,32,2,0
224,224,32,32,2,0
288,224,32,32,2,0
448,224,32,32,2,0
480,224,32,32,2,0
512,224,32,32,2,0
544,224,32,32,2,0
576,224,32,32,2,0
576,192,32,32,2,0
608,192,32,32,2,0
608,160,32,32,2,0
608,128,32,32,2,0
608,96,32,32,2,0
608,224,32,32,2,0
608,64,32,32,2,0
608,32,32,32,2,0
608,0,32,32,2,0
608,-32,32,32,2,0
608,-64,32,32,2,0
608,-96,32,32,2,0
608,-128,32,32,2,0
608,-160,32,32,2,0
608,-192,32,32,2,0
608,-224,32,32,1,1
576,-288,32,32,1,1
544,-288,32,32,1,1
512,-288,32,32,2,0
480,-288,32,32,2,0
448,-288,32,32,2,0
416,-288,32,32,2,0
384,-288,32,32,2,0
352,-288,32,32,2,0
320,-288,32,32,0,1
288,-288,32,32,0,1
256,-288,32,32,0,1
224,-288,32,32,3,0
192,-288,32,32,0,0
160,-288,32,32,0,1
128,-288,32,32,0,1
96,-288,32,32,2,0
64,-288,32,32,2,0
32,-288,32,32,2,0
0,-288,32,32,2,0
-32,-288,32,32,2,0
-416,-288,32,32,2,0
-384,-288,32,32,2,0
-352,-288,32,32,2,0
-320,-288,32,32,2,0
-288,-288,32,32,2,0
-256,-288,32,32,2,0
-224,-288,32,32,2,0
-160,-288,32,32,2,0
-128,-288,32,32,2,0
-96,-288,32,32,2,0
-64,-288,32,32,2,0
-192,-288,32,32,2,0
-448,-256,32,32,2,0
-448,-224,32,32,2,0
-448,-192,32,32,2,0
-448,-160,32,32,2,0
-448,-128,32,32,2,0
-480,-96,32,32,2,0
-480,-64,32,32,2,0
-480,-32,32,32,2,0
-480,0,32,32,2,0
-480,32,32,32,2,0
-480,64,32,32,2,0
-480,96,32,32,2,0
-480,128,32,32,2,0
-480,160,32,32,2,0
-480,192,32,32,2,0
-448,192,32,32,2,0
-416,192,32,32,2,0
-160,192,32,32,2,0
320,192,32,32,2,0
352,192,32,32,2,0
384,192,32,32,2,0
416,192,32,32,2,0
448,192,32,32,2,0
480,192,32,32,2,0
512,192,32,32,2,0
544,192,32,32,2,0
576,160,32,32,2,0
576,128,32,32,2,0
576,96,32,32,2,0
576,64,32,32,2,0
576,32,32,32,2,0
576,0,32,32,2,0
576,-32,32,32,2,0
576,-64,32,32,2,0
576,-96,32,32,2,0
576,-128,32,32,2,0
576,-160,32,32,2,0
576,-192,32,32,2,0
576,-224,32,32,2,0
576,-256,32,32,1,1
544,-256,32,32,2,0
480,-256,32,32,2,0
448,-256,32,32,2,0
384,-256,32,32,2,0
320,-256,32,32,0,1
288,-256,32,32,0,1
256,-256,32,32,0,1
224,-256,32,32,0,1
192,-256,32,32,0,1
160,-256,32,32,0,1
128,-256,32,32,0,1
96,-256,32,32,2,0
64,-256,32,32,2,0
32,-256,32,32,2,0
0,-256,32,32,2,0
-32,-256,32,32,2,0
-64,-256,32,32,2,0
-96,-256,32,32,2,0
-128,-256,32,32,2,0
-160,-256,32,32,2,0
-192,-256,32,32,2,0
-224,-256,32,32,2,0
-256,-256,32,32,2,0
-288,-256,32,32,2,0
-320,-256,32,32,2,0
-352,-256,32,32,2,0
-384,-256,32,32,2,0
-416,-256,32,32,2,0
352,-256,32,32,2,0
416,-256,32,32,2,0
512,-256,32,32,2,0
544,-224,32,32,2,0
544,-192,32,32,2,0
544,-160,32,32,2,0
544,-128,32,32,2,0
544,-96,32,32,2,0
544,-64,32,32,2,0
544,-32,32,32,2,0
544,0,32,32,2,0
544,32,32,32,2,0
544,160,32,32,2,0
544,128,32,32,2,0
544,96,32,32,2,0
544,64,32,32,2,0
512,128,32,32,2,0
512,160,32,32,2,0
480,160,32,32,2,0
448,160,32,32,2,0
416,160,32,32,2,0
384,160,32,32,2,0
352,160,32,32,2,0
320,160,32,32,2,0
288,160,32,32,2,0
256,160,32,32,2,0
224,160,32,32,2,0
192,160,32,32,2,0
128,160,32,32,2,0
96,160,32,32,2,0
64,160,32,32,2,0
0,160,32,32,2,0
-32,160,32,32,0,1
-64,160,32,32,0,1
-96,160,32,32,0,1
-128,160,32,32,2,0
-288,160,32,32,2,0
-320,160,32,32,2,0
-352,160,32,32,2,0
-384,160,32,32,2,0
-416,160,32,32,2,0
-448,160,32,32,2,0
-448,128,32,32,2,0
-448,96,32,32,2,0
-448,64,32,32,2,0
-448,32,32,32,2,0
-448,0,32,32,2,0
-448,-32,32,32,2,0
-448,-64,32,32,2,0
-448,-96,32,32,2,0
-416,-128,32,32,2,0
-416,-160,32,32,2,0
-416,-192,32,32,2,0
-416,-224,32,32,2,0
-384,-192,32,32,2,0
-384,-160,32,32,2,0
-384,-128,32,32,2,0
-384,-96,32,32,2,0
-384,-64,32,32,2,0
-384,-32,32,32,2,0
-384,0,32,32,2,0
-384,32,32,32,2,0
-384,64,32,32,2,0
-416,64,32,32,2,0
-416,96,32,32,2,0
-416,32,32,32,2,0
-416,0,32,32,2,0
-416,-32,32,32,2,0
-416,-64,32,32,2,0
-416,-96,32,32,2,0
-384,-224,32,32,2,0
-352,-224,32,32,2,0
-352,-192,32,32,2,0
-352,-160,32,32,2,0
-416,128,32,32,2,0
-384,128,32,32,2,0
-384,96,32,32,2,0
-352,-128,32,32,2,0
-320,-128,32,32,2,0
-352,-96,32,32,2,0
-352,-64,32,32,2,0
-352,0,32,32,2,0
-352,32,32,32,2,0
-352,64,32,32,2,0
-352,96,32,32,2,0
-352,128,32,32,2,0
-320,128,32,32,2,0
-288,128,32,32,2,0
-256,128,32,32,2,0
-224,128,32,32,2,0
-192,128,32,32,2,0
-96,128,32,32,0,1
-64,128,32,32,0,1
-32,128,32,32,0,1
0,128,32,32,2,0
32,128,32,32,2,0
64,128,32,32,2,0
96,128,32,32,2,0
128,128,32,32,2,0
160,128,32,32,2,0
192,128,32,32,2,0
224,128,32,32,2,0
256,128,32,32,1,1
288,128,32,32,1,1
320,128,32,32,2,0
352,128,32,32,2,0
384,128,32,32,2,0
416,128,32,32,2,0
448,128,32,32,2,0
480,128,32,32,2,0
512,96,32,32,2,0
160,160,32,32,2,0
32,160,32,32,2,0
-320,224,32,32,2,0
-320,96,32,32,2,0
-288,96,32,32,2,0
-256,96,32,32,2,0
-224,96,32,32,2,0
-192,96,32,32,2,0
-160,96,32,32,2,0
-64,96,32,32,0,1
-32,96,32,32,0,1
0,64,32,32,0,0
32,64,32,32,0,0
64,96,32,32,0,0
96,96,32,32,0,0
128,96,32,32,0,0
160,64,32,32,0,0
192,64,32,32,0,0
224,64,32,32,0,1
256,64,32,32,0,1
288,64,32,32,2,0
320,64,32,32,2,0
352,64,32,32,2,0
384,64,32,32,2,0
416,64,32,32,2,0
448,64,32,32,2,0
480,64,32,32,2,0
480,96,32,32,2,0
448,96,32,32,2,0
416,96,32,32,2,0
384,96,32,32,2,0
352,96,32,32,2,0
288,96,32,32,1,1
256,96,32,32,0,1
224,96,32,32,0,1
192,96,32,32,0,0
160,96,32,32,0,0
32,96,32,32,0,0
0,96,32,32,0,0
64,64,32,32,0,0
96,64,32,32,0,0
128,64,32,32,0,0
512,64,32,32,2,0
-32,64,32,32,0,0
-64,64,32,32,0,1
-128,64,32,32,2,0
-160,64,32,32,2,0
-192,64,32,32,2,0
-224,64,32,32,2,0
-256,64,32,32,2,0
-288,64,32,32,2,0
-320,64,32,32,2,0
-352,-32,32,32,2,0
-320,-160,32,32,2,0
-320,-192,32,32,2,0
-320,-224,32,32,2,0
-288,-224,32,32,2,0
-256,-224,32,32,2,0
-224,-224,32,32,2,0
-192,-224,32,32,2,0
-160,-224,32,32,2,0
-128,-224,32,32,2,0
-96,-224,32,32,2,0
-64,-224,32,32,2,0
-32,-224,32,32,2,0
0,-224,32,32,2,0
32,-224,32,32,2,0
64,-224,32,32,2,0
96,-224,32,32,2,0
128,-224,32,32,2,0
160,-224,32,32,2,0
192,-224,32,32,0,1
224,-224,32,32,0,1
256,-224,32,32,0,1
288,-224,32,32,2,0
320,-224,32,32,2,0
352,-224,32,32,2,0
384,-224,32,32,2,0
416,-224,32,32,2,0
448,-224,32,32,2,0
480,-224,32,32,2,0
512,-224,32,32,2,0
512,-192,32,32,2,0
512,-160,32,32,2,0
512,-128,32,32,2,0
512,-96,32,32,2,0
512,-64,32,32,2,0
512,-32,32,32,2,0
480,-32,32,32,2,0
480,0,32,32,2,0
480,32,32,32,2,0
512,32,32,32,2,0
512,0,32,32,2,0
224,32,32,32,0,1
192,32,32,32,0,1
160,32,32,32,0,1
128,32,32,32,0,1
96,32,32,32,0,1
64,32,32,32,0,1
32,32,32,32,0,1
0,32,32,32,0,1
-32,32,32,32,0,1
-64,32,32,32,0,1
-128,32,32,32,1,1
-160,32,32,32,2,0
-192,32,32,32,2,0
-224,32,32,32,2,0
-256,32,32,32,2,0
-288,32,32,32,2,0
-320,32,32,32,2,0
-320,0,32,32,2,0
-320,-32,32,32,2,0
-320,-64,32,32,2,0
-320,-96,32,32,2,0
-288,-128,32,32,2,0
-288,-160,32,32,2,0
-288,-192,32,32,2,0
-256,-192,32,32,2,0
-224,-192,32,32,2,0
-192,-192,32,32,2,0
-160,-192,32,32,2,0
-128,-192,32,32,2,0
-96,-192,32,32,2,0
-64,-192,32,32,2,0
-32,-192,32,32,2,0
0,-192,32,32,2,0
32,-192,32,32,2,0
64,-192,32,32,2,0
96,-192,32,32,2,0
128,-192,32,32,2,0
160,-192,32,32,2,0
192,-192,32,32,0,1
224,-192,32,32,0,1
256,-192,32,32,0,1
288,-192,32,32,2,0
320,-192,32,32,2,0
352,-192,32,32,2,0
384,-192,32,32,2,0
416,-192,32,32,2,0
448,-192,32,32,2,0
480,-192,32,32,2,0
480,-160,32,32,2,0
480,-128,32,32,2,0
480,-96,32,32,2,0
480,-64,32,32,2,0
448,32,32,32,2,0
416,32,32,32,2,0
384,32,32,32,2,0
352,32,32,32,2,0
320,32,32,32,2,0
288,32,32,32,2,0
256,32,32,32,0,1
-288,-96,32,32,2,0
-256,-128,32,32,2,0
-256,-160,32,32,2,0
-224,-160,32,32,2,0
-192,-160,32,32,2,0
-160,-160,32,32,2,0
-128,-160,32,32,2,0
-96,-160,32,32,2,0
-64,-160,32,32,2,0
-32,-160,32,32,2,0
0,-160,32,32,2,0
32,-160,32,32,2,0
64,-160,32,32,2,0
96,-160,32,32,2,0
128,-160,32,32,2,0
160,-160,32,32,2,0
192,-160,32,32,1,1
224,-160,32,32,1,1
256,-160,32,32,1,1
288,-160,32,32,2,0
320,-160,32,32,2,0
352,-160,32,32,2,0
384,-160,32,32,2,0
416,-160,32,32,2,0
416,-128,32,32,2,0
448,-128,32,32,2,0
448,-96,32,32,2,0
448,-64,32,32,2,0
448,-32,32,32,2,0
448,0,32,32,2,0
416,0,32,32,2,0
384,0,32,32,2,0
352,0,32,32,2,0
288,0,32,32,2,0
256,0,32,32,0,1
192,0,32,32,0,0
128,0,32,32,2,0
64,0,32,32,2,0
32,0,32,32,2,0
0,0,32,32,2,0
-32,0,32,32,2,0
-64,0,32,32,2,0
-128,0,32,32,1,1
-160,0,32,32,2,0
-192,0,32,32,2,0
-224,0,32,32,2,0
-256,0,32,32,2,0
-288,0,32,32,2,0
-288,-32,32,32,2,0
-288,-64,32,32,2,0
-256,-64,32,32,2,0
-224,-64,32,32,2,0
-224,-32,32,32,2,0
-256,-32,32,32,2,0
-256,-96,32,32,2,0
-224,-96,32,32,2,0
-224,-128,32,32,2,0
-192,-128,32,32,2,0
-32,-128,32,32,2,0
0,-128,32,32,2,0
32,-128,32,32,2,0
96,-128,32,32,2,0
128,-128,32,32,2,0
160,-128,32,32,2,0
192,-128,32,32,3,0
224,-128,32,32,3,0
256,-128,32,32,3,0
288,-128,32,32,2,0
448,-160,32,32,2,0
384,-128,32,32,2,0
352,-128,32,32,2,0
320,-128,32,32,2,0
64,-128,32,32,2,0
-64,-128,32,32,2,0
-96,-128,32,32,2,0
-128,-128,32,32,2,0
-160,-128,32,32,2,0
-192,-96,32,32,2,0
-192,-64,32,32,2,0
-160,-64,32,32,2,0
-160,-32,32,32,2,0
-192,-32,32,32,2,0
-128,-32,32,32,2,0
96,0,32,32,2,0
160,0,32,32,2,0
224,0,32,32,0,0
288,-32,32,32,2,0
320,-32,32,32,2,0
352,-32,32,32,2,0
384,-32,32,32,2,0
416,-32,32,32,2,0
416,-64,32,32,2,0
416,-96,32,32,2,0
384,-96,32,32,2,0
352,-96,32,32,2,0
320,-96,32,32,2,0
288,-96,32,32,2,0
256,-96,32,32,3,0
224,-96,32,32,3,0
192,-96,32,32,3,0
160,-96,32,32,2,0
128,-96,32,32,2,0
96,-96,32,32,2,0
64,-96,32,32,2,0
32,-96,32,32,2,0
0,-96,32,32,2,0
-32,-96,32,32,2,0
-64,-96,32,32,2,0
-96,-96,32,32,2,0
-128,-96,32,32,2,0
-160,-96,32,32,2,0
-128,-64,32,32,2,0
-64,-32,32,32,2,0
-32,-32,32,32,2,0
0,-32,32,32,2,0
32,-32,32,32,2,0
64,-32,32,32,2,0
96,-32,32,32,2,0
128,-32,32,32,2,0
160,-64,32,32,2,0
192,-64,32,32,3,0
224,-64,32,32,3,0
256,-64,32,32,3,0
288,-64,32,32,2,0
320,-64,32,32,2,0
352,-64,32,32,2,0
384,-64,32,32,2,0
128,-64,32,32,2,0
96,-64,32,32,2,0
64,-64,32,32,2,0
32,-64,32,32,2,0
0,-64,32,32,2,0
-32,-64,32,32,2,0
-64,-64,32,32,2,0
-96,-64,32,32,2,0
192,-32,32,32,1,1
224,-32,32,32,1,1
256,-32,32,32,1,1
320,0,32,32,2,0
320,96,32,32,2,0
160,-32,32,32,2,0
-576,-352,32,32,1,1
-608,-352,32,32,1,1
-608,-320,32,32,1,1
-608,-288,32,32,1,1
-640,-352,32,32,1,1
-640,-320,32,32,1,1
-640,-288,32,32,1,1
-608,-256,32,32,1,1
-672,-320,32,32,1,1
-672,-288,32,32,1,1
-672,-256,32,32,1,1
-672,-224,32,32,1,1
-672,-192,32,32,1,1
-672,-160,32,32,1,1
-672,-128,32,32,1,1
-672,-96,32,32,1,1
-672,-64,32,32,1,1
-672,-32,32,32,1,1
-672,0,32,32,1,1
-672,32,32,32,1,1
-672,64,32,32,1,1
-672,96,32,32,1,1
-672,128,32,32,1,1
-672,160,32,32,1,1
-672,192,32,32,1,1
-672,224,32,32,1,1
-672,256,32,32,1,1
-672,288,32,32,1,1
-672,320,32,32,1,1
-640,320,32,32,1,1
-608,320,32,32,1,1
-608,288,32,32,1,1
-640,288,32,32,1,1
-640,256,32,32,1,1
-640,224,32,32,1,1
-640,192,32,32,1,1
-640,160,32,32,1,1
-640,128,32,32,1,1
-640,96,32,32,1,1
-640,64,32,32,1,1
-640,32,32,32,1,1
-640,0,32,32,1,1
-640,-32,32,32,1,1
-640,-64,32,32,1,1
-640,-96,32,32,1,1
-640,-128,32,32,1,1
-640,-160,32,32,1,1
-640,-192,32,32,1,1
-640,-224,32,32,1,1
-640,-256,32,32,1,1
-608,-224,32,32,1,1
-608,-192,32,32,1,1
-608,-160,32,32,1,1
-608,-128,32,32,1,1
-608,-96,32,32,1,1
-608,-64,32,32,1,1
-608,-32,32,32,1,1
-608,0,32,32,1,1
-608,32,32,32,1,1
-608,64,32,32,1,1
-608,96,32,32,1,1
-608,128,32,32,1,1
-608,160,32,32,1,1
-608,192,32,32,1,1
-608,224,32,32,1,1
-608,256,32,32,1,1
-672,-352,32,32,1,1
-672,-384,32,32,1,1
-672,-416,32,32,1,1
-640,-416,32,32,1,1
-640,-384,32,32,1,1
-608,-384,32,32,1,1
-576,-384,32,32,1,1
-544,-384,32,32,1,1
-544,-352,32,32,1,1
-576,-416,32,32,1,1
-608,-416,32,32,1,1
-512,-384,32,32,1,1
-512,-352,32,32,1,1
-480,-352,32,32,1,1
-448,-352,32,32,1,1
-416,-352,32,32,1,1
-384,-352,32,32,1,1
-352,-352,32,32,1,1
-320,-352,32,32,1,1
-288,-352,32,32,1,1
-256,-352,32,32,1,1
-224,-352,32,32,1,1
-192,-352,32,32,1,1
-160,-352,32,32,1,1
-128,-352,32,32,1,1
-96,-352,32,32,1,1
-64,-352,32,32,1,1
-32,-352,32,32,1,1
0,-352,32,32,1,1
32,-352,32,32,1,1
64,-352,32,32,1,1
96,-352,32,32,1,1
128,-352,32,32,1,1
160,-352,32,32,1,1
192,-352,32,32,1,1
224,-352,32,32,1,1
256,-352,32,32,1,1
288,-352,32,32,1,1
320,-352,32,32,1,1
352,-352,32,32,1,1
384,-352,32,32,1,1
416,-352,32,32,1,1
448,-352,32,32,1,1
480,-352,32,32,1,1
512,-352,32,32,1,1
544,-352,32,32,1,1
576,-352,32,32,1,1
608,-352,32,32,1,1
640,-352,32,32,1,1
-544,-416,32,32,1,1
-512,-416,32,32,1,1
-480,-416,32,32,1,1
-448,-416,32,32,1,1
-448,-384,32,32,1,1
-416,-384,32,32,1,1
-384,-384,32,32,1,1
-352,-384,32,32,1,1
-320,-384,32,32,1,1
-320,-416,32,32,1,1
-288,-416,32,32,1,1
-256,-416,32,32,1,1
-256,-384,32,32,1,1
-224,-384,32,32,1,1
-192,-384,32,32,1,1
-160,-384,32,32,1,1
-128,-384,32,32,1,1
-96,-384,32,32,1,1
-64,-384,32,32,1,1
-32,-384,32,32,1,1
0,-384,32,32,1,1
32,-384,32,32,1,1
64,-384,32,32,1,1
96,-384,32,32,1,1
128,-384,32,32,1,1
160,-384,32,32,1,1
192,-384,32,32,1,1
224,-384,32,32,1,1
256,-384,32,32,1,1
288,-384,32,32,1,1
320,-384,32,32,1,1
352,-384,32,32,1,1
576,-384,32,32,1,1
608,-384,32,32,1,1
640,-384,32,32,1,1
640,-416,32,32,1,1
608,-416,32,32,1,1
576,-416,32,32,1,1
544,-416,32,32,1,1
512,-416,32,32,1,1
480,-416,32,32,1,1
448,-416,32,32,1,1
416,-416,32,32,1,1
384,-416,32,32,1,1
352,-416,32,32,1,1
320,-416,32,32,1,1
288,-416,32,32,1,1
256,-416,32,32,1,1
224,-416,32,32,1,1
192,-416,32,32,1,1
160,-416,32,32,1,1
128,-416,32,32,1,1
96,-416,32,32,1,1
64,-416,32,32,1,1
32,-416,32,32,1,1
0,-416,32,32,1,1
-32,-416,32,32,1,1
-64,-416,32,32,1,1
-96,-416,32,32,1,1
-128,-416,32,32,1,1
-160,-416,32,32,1,1
-192,-416,32,32,1,1
-224,-416,32,32,1,1
-352,-416,32,32,1,1
-384,-416,32,32,1,1
-416,-416,32,32,1,1
-480,-384,32,32,1,1
-288,-384,32,32,1,1
384,-384,32,32,1,1
416,-384,32,32,1,1
480,-384,32,32,1,1
512,-384,32,32,1,1
544,-384,32,32,1,1
672,-416,32,32,1,1
704,-416,32,32,1,1
704,-384,32,32,1,1
704,-352,32,32,1,1
704,-320,32,32,1,1
704,-288,32,32,1,1
704,-256,32,32,1,1
704,-224,32,32,1,1
704,-192,32,32,1,1
704,-160,32,32,1,1
704,-128,32,32,1,1
704,-96,32,32,1,1
704,-64,32,32,1,1
704,-32,32,32,1,1
704,0,32,32,1,1
704,32,32,32,1,1
704,64,32,32,1,1
704,96,32,32,1,1
704,128,32,32,1,1
704,160,32,32,1,1
704,192,32,32,1,1
704,224,32,32,1,1
704,256,32,32,1,1
704,288,32,32,1,1
704,320,32,32,1,1
672,320,32,32,1,1
672,288,32,32,1,1
672,256,32,32,1,1
672,224,32,32,1,1
672,192,32,32,1,1
672,160,32,32,1,1
672,128,32,32,1,1
672,96,32,32,1,1
672,64,32,32,1,1
672,32,32,32,1,1
672,0,32,32,1,1
672,-32,32,32,1,1
672,-64,32,32,1,1
672,-96,32,32,1,1
672,-128,32,32,1,1
672,-160,32,32,1,1
672,-192,32,32,1,1
672,-224,32,32,1,1
672,-256,32,32,1,1
672,-288,32,32,1,1
672,-320,32,32,1,1
672,-352,32,32,1,1
672,-384,32,32,1,1
736,-416,32,32,1,1
736,-384,32,32,1,1
736,-352,32,32,1,1
736,-320,32,32,1,1
736,-288,32,32,1,1
736,-256,32,32,1,1
736,-224,32,32,1,1
736,-192,32,32,1,1
736,-160,32,32,1,1
736,-128,32,32,1,1
736,-96,32,32,1,1
736,-64,32,32,1,1
736,-32,32,32,1,1
736,0,32,32,1,1
736,32,32,32,1,1
736,64,32,32,1,1
736,96,32,32,1,1
736,128,32,32,1,1
736,160,32,32,1,1
736,192,32,32,1,1
736,224,32,32,1,1
736,256,32,32,1,1
736,288,32,32,1,1
736,320,32,32,1,1
-672,352,32,32,3,0
-640,352,32,32,3,0
-608,352,32,32,3,0
-672,384,32,32,3,0
-640,384,32,32,3,0
-608,384,32,32,3,0
-576,384,32,32,3,0
-576,352,32,32,3,0
-544,352,32,32,3,0
-512,352,32,32,3,0
-480,352,32,32,3,0
-448,352,32,32,3,0
-416,352,32,32,3,0
-416,384,32,32,3,0
-448,384,32,32,3,0
-384,352,32,32,3,0
-352,352,32,32,3,0
-320,352,32,32,3,0
-288,352,32,32,3,0
-256,352,32,32,3,0
-224,352,32,32,3,0
-192,352,32,32,3,0
-160,352,32,32,3,0
-128,352,32,32,1,1
-96,352,32,32,0,1
-64,352,32,32,0,1
-32,352,32,32,0,1
0,352,32,32,1,1
32,352,32,32,3,0
64,352,32,32,3,0
96,352,32,32,3,0
128,352,32,32,3,0
160,352,32,32,3,0
192,352,32,32,3,0
224,352,32,32,3,0
256,352,32,32,3,0
288,352,32,32,3,0
320,352,32,32,3,0
352,352,32,32,3,0
384,352,32,32,3,0
416,352,32,32,3,0
448,352,32,32,3,0
480,352,32,32,3,0
512,352,32,32,3,0
544,352,32,32,3,0
576,352,32,32,3,0
608,352,32,32,3,0
640,352,32,32,3,0
672,352,32,32,3,0
704,352,32,32,3,0
736,352,32,32,3,0
736,384,32,32,3,0
704,384,32,32,3,0
672,384,32,32,3,0
640,384,32,32,3,0
608,384,32,32,3,0
576,384,32,32,3,0
544,384,32,32,3,0
512,384,32,32,3,0
480,384,32,32,3,0
448,384,32,32,3,0
416,384,32,32,3,0
384,384,32,32,3,0
352,384,32,32,3,0
320,384,32,32,3,0
288,384,32,32,3,0
256,384,32,32,3,0
224,384,32,32,3,0
192,384,32,32,3,0
160,384,32,32,3,0
128,384,32,32,3,0
96,384,32,32,3,0
64,384,32,32,3,0
32,384,32,32,3,0
0,384,32,32,1,1
-32,384,32,32,0,1
-64,384,32,32,0,1
-96,384,32,32,0,1
-128,384,32,32,1,1
-160,384,32,32,3,0
-192,384,32,32,3,0
-224,384,32,32,3,0
-256,384,32,32,3,0
-288,384,32,32,3,0
-320,384,32,32,3,0
-352,384,32,32,3,0
-384,384,32,32,3,0
-480,384,32,32,3,0
-512,384,32,32,3,0
-544,384,32,32,3,0
-672,416,32,32,3,0
-640,416,32,32,3,0
-608,416,32,32,3,0
-576,416,32,32,3,0
-544,416,32,32,3,0
-512,416,32,32,3,0
-480,416,32,32,3,0
-448,416,32,32,3,0
-416,416,32,32,3,0
-384,416,32,32,3,0
-352,416,32,32,3,0
-320,416,32,32,3,0
-288,416,32,32,3,0
-256,416,32,32,3,0
-224,416,32,32,3,0
-192,416,32,32,3,0
-160,416,32,32,3,0
-128,416,32,32,1,1
-96,416,32,32,0,1
-64,416,32,32,0,1
-32,416,32,32,0,1
0,416,32,32,1,1
32,416,32,32,3,0
64,416,32,32,3,0
96,416,32,32,3,0
128,416,32,32,3,0
160,416,32,32,3,0
192,416,32,32,3,0
224,416,32,32,3,0
256,416,32,32,3,0
288,416,32,32,3,0
320,416,32,32,3,0
352,416,32,32,3,0
384,416,32,32,3,0
416,416,32,32,3,0
448,416,32,32,3,0
480,416,32,32,3,0
512,416,32,32,3,0
544,416,32,32,3,0
576,416,32,32,3,0
608,416,32,32,3,0
640,416,32,32,3,0
672,416,32,32,3,0
704,416,32,32,3,0
736,416,32,32,3,0
-672,448,32,32,0,1
-640,448,32,32,0,1
-608,448,32,32,0,1
-576,448,32,32,0,1
-544,448,32,32,0,1
-512,448,32,32,0,1
-480,448,32,32,0,1
-448,448,32,32,0,1
-416,448,32,32,0,1
-384,448,32,32,0,1
-352,448,32,32,0,1
-320,448,32,32,0,1
-288,448,32,32,0,1
-256,448,32,32,0,1
-224,448,32,32,0,1
-192,448,32,32,0,1
-160,448,32,32,0,1
-128,448,32,32,0,1
-96,448,32,32,0,1
-64,448,32,32,0,1
-32,448,32,32,0,1
0,448,32,32,0,1
32,448,32,32,0,1
64,448,32,32,0,1
96,448,32,32,0,1
128,448,32,32,0,1
160,448,32,32,0,1
192,448,32,32,0,1
224,448,32,32,0,1
256,448,32,32,0,1
288,448,32,32,0,1
320,448,32,32,0,1
352,448,32,32,0,1
384,448,32,32,0,1
416,448,32,32,0,1
448,448,32,32,0,1
480,448,32,32,0,1
512,448,32,32,0,1
544,448,32,32,0,1
576,448,32,32,0,1
608,448,32,32,0,1
640,448,32,32,0,1
672,448,32,32,0,1
704,448,32,32,0,1
736,448,32,32,0,1
736,480,32,32,0,1
704,480,32,32,0,1
672,480,32,32,0,1
640,480,32,32,0,1
608,480,32,32,0,1
576,480,32,32,0,1
544,480,32,32,0,1
512,480,32,32,0,1
480,480,32,32,0,1
448,480,32,32,0,1
416,480,32,32,0,1
384,480,32,32,0,1
352,480,32,32,0,1
320,480,32,32,0,1
288,480,32,32,0,1
256,480,32,32,0,1
224,480,32,32,0,1
192,480,32,32,0,1
160,480,32,32,0,1
128,480,32,32,0,1
96,480,32,32,0,1
64,480,32,32,0,1
32,480,32,32,0,1
0,480,32,32,0,1
-32,480,32,32,0,1
-64,480,32,32,0,1
-96,480,32,32,0,1
-128,480,32,32,0,1
-160,480,32,32,0,1
-192,480,32,32,0,1
-224,480,32,32,0,1
-256,480,32,32,0,1
-288,480,32,32,0,1
-320,480,32,32,0,1
-352,480,32,32,0,1
-384,480,32,32,0,1
-416,480,32,32,0,1
-448,480,32,32,0,1
-480,480,32,32,0,1
-512,480,32,32,0,1
-544,480,32,32,0,1
-576,480,32,32,0,1
-608,480,32,32,0,1
-640,480,32,32,0,1
-672,480,32,32,0,1
-672,512,32,32,0,1
-640,512,32,32,0,1
-608,512,32,32,0,1
-576,512,32,32,0,1
-544,512,32,32,0,1
-512,512,32,32,0,1
-480,512,32,32,0,1
-448,512,32,32,0,1
-416,512,32,32,0,1
-384,512,32,32,0,1
-352,512,32,32,0,1
-320,512,32,32,0,1
-288,512,32,32,0,1
-256,512,32,32,0,1
-224,512,32,32,0,1
0,512,32,32,0,1
-32,512,32,32,0,1
-64,512,32,32,0,1
-96,512,32,32,0,1
-128,512,32,32,0,1
-160,512,32,32,0,1
-192,512,32,32,0,1
32,512,32,32,0,1
64,512,32,32,0,1
96,512,32,32,0,1
128,512,32,32,0,1
160,512,32,32,0,1
192,512,32,32,0,1
224,512,32,32,0,1
256,512,32,32,0,1
288,512,32,32,0,1
320,512,32,32,0,1
352,512,32,32,0,1
384,512,32,32,0,1
416,512,32,32,0,1
448,512,32,32,0,1
480,512,32,32,0,1
512,512,32,32,0,1
544,512,32,32,0,1
576,512,32,32,0,1
608,512,32,32,0,1
640,512,32,32,0,1
672,512,32,32,0,1
704,512,32,32,0,1
736,512,32,32,0,1
768,512,32,32,0,1
800,512,32,32,0,1
832,512,32,32,0,1
832,480,32,32,0,1
832,448,32,32,0,1
832,416,32,32,0,1
832,384,32,32,0,1
832,352,32,32,0,1
832,320,32,32,0,1
832,288,32,32,0,1
832,256,32,32,0,1
832,224,32,32,0,1
832,192,32,32,0,1
832,160,32,32,0,1
832,128,32,32,0,1
832,96,32,32,0,1
832,64,32,32,0,1
832,32,32,32,0,1
832,0,32,32,0,1
832,-32,32,32,0,1
832,-64,32,32,0,1
832,-96,32,32,0,1
832,-128,32,32,0,1
832,-160,32,32,0,1
832,-192,32,32,0,1
832,-224,32,32,0,1
832,-256,32,32,0,1
832,-288,32,32,0,1
832,-320,32,32,0,1
832,-352,32,32,0,1
832,-384,32,32,0,1
800,-384,32,32,0,1
800,-416,32,32,0,1
768,-416,32,32,0,1
768,-384,32,32,0,1
768,-352,32,32,0,1
768,-320,32,32,0,1
768,-288,32,32,0,1
768,-256,32,32,0,1
768,-224,32,32,0,1
768,-192,32,32,0,1
768,-160,32,32,0,1
768,-128,32,32,0,1
768,-96,32,32,0,1
768,-64,32,32,0,1
768,-32,32,32,0,1
768,0,32,32,0,1
768,32,32,32,0,1
768,64,32,32,0,1
768,96,32,32,0,1
768,128,32,32,0,1
768,160,32,32,0,1
768,192,32,32,0,1
768,224,32,32,0,1
768,256,32,32,0,1
768,288,32,32,0,1
768,320,32,32,0,1
768,352,32,32,0,1
768,384,32,32,0,1
768,416,32,32,0,1
768,448,32,32,0,1
768,480,32,32,0,1
800,480,32,32,0,1
800,448,32,32,0,1
800,416,32,32,0,1
800,384,32,32,0,1
800,352,32,32,0,1
800,320,32,32,0,1
800,288,32,32,0,1
800,256,32,32,0,1
800,224,32,32,0,1
800,192,32,32,0,1
800,160,32,32,0,1
800,128,32,32,0,1
800,96,32,32,0,1
800,64,32,32,0,1
800,32,32,32,0,1
800,0,32,32,0,1
800,-32,32,32,0,1
800,-64,32,32,0,1
800,-96,32,32,0,1
800,-128,32,32,0,1
800,-160,32,32,0,1
800,-192,32,32,0,1
800,-224,32,32,0,1
800,-256,32,32,0,1
800,-288,32,32,0,1
800,-320,32,32,0,1
800,-352,32,32,0,1
832,-416,32,32,0,1
832,-448,32,32,0,1
832,-480,32,32,0,1
832,-512,32,32,0,1
800,-512,32,32,0,1
768,-512,32,32,0,1
736,-512,32,32,0,1
704,-512,32,32,0,1
672,-512,32,32,0,1
640,-512,32,32,0,1
608,-512,32,32,0,1
576,-512,32,32,0,1
544,-512,32,32,0,1
512,-512,32,32,0,1
480,-512,32,32,0,1
448,-512,32,32,0,1
416,-512,32,32,0,1
384,-512,32,32,0,1
352,-512,32,32,0,1
320,-512,32,32,0,1
288,-512,32,32,0,1
256,-512,32,32,0,1
224,-512,32,32,0,1
192,-512,32,32,0,1
160,-512,32,32,0,1
128,-512,32,32,0,1
96,-512,32,32,0,1
64,-512,32,32,0,1
32,-512,32,32,0,1
32,-480,32,32,0,1
0,-480,32,32,0,1
-32,-480,32,32,0,1
-64,-480,32,32,0,1
-96,-480,32,32,0,1
-128,-480,32,32,0,1
-160,-480,32,32,0,1
-192,-480,32,32,0,1
-224,-480,32,32,0,1
-256,-480,32,32,0,1
-288,-480,32,32,0,1
-320,-480,32,32,0,1
-352,-480,32,32,0,1
-384,-480,32,32,0,1
-416,-480,32,32,0,1
-448,-480,32,32,0,1
-480,-480,32,32,0,1
-512,-480,32,32,0,1
-544,-480,32,32,0,1
-576,-480,32,32,0,1
-608,-480,32,32,0,1
-640,-480,32,32,0,1
-672,-480,32,32,0,1
-704,-480,32,32,0,1
-672,-448,32,32,0,1
-640,-448,32,32,0,1
-608,-448,32,32,0,1
-576,-448,32,32,0,1
-544,-448,32,32,0,1
-512,-448,32,32,0,1
-480,-448,32,32,0,1
-448,-448,32,32,0,1
-416,-448,32,32,0,1
-384,-448,32,32,0,1
-352,-448,32,32,0,1
-320,-448,32,32,0,1
-288,-448,32,32,0,1
-256,-448,32,32,0,1
-224,-448,32,32,0,1
-192,-448,32,32,0,1
-160,-448,32,32,0,1
-128,-448,32,32,0,1
-96,-448,32,32,0,1
-64,-448,32,32,0,1
-32,-448,32,32,0,1
0,-448,32,32,0,1
32,-448,32,32,0,1
64,-448,32,32,0,1
96,-448,32,32,0,1
128,-448,32,32,0,1
160,-448,32,32,0,1
192,-448,32,32,0,1
224,-448,32,32,0,1
256,-448,32,32,0,1
288,-448,32,32,0,1
320,-448,32,32,0,1
352,-448,32,32,0,1
384,-448,32,32,0,1
416,-448,32,32,0,1
448,-448,32,32,0,1
480,-448,32,32,0,1
512,-448,32,32,0,1
544,-448,32,32,0,1
576,-448,32,32,0,1
608,-448,32,32,0,1
640,-448,32,32,0,1
672,-448,32,32,0,1
704,-448,32,32,0,1
736,-448,32,32,0,1
768,-448,32,32,0,1
800,-448,32,32,0,1
800,-480,32,32,0,1
768,-480,32,32,0,1
736,-480,32,32,0,1
704,-480,32,32,0,1
672,-480,32,32,0,1
640,-480,32,32,0,1
608,-480,32,32,0,1
576,-480,32,32,0,1
544,-480,32,32,0,1
512,-480,32,32,0,1
480,-480,32,32,0,1
448,-480,32,32,0,1
416,-480,32,32,0,1
384,-480,32,32,0,1
352,-480,32,32,0,1
320,-480,32,32,0,1
288,-480,32,32,0,1
256,-480,32,32,0,1
224,-480,32,32,0,1
192,-480,32,32,0,1
160,-480,32,32,0,1
128,-480,32,32,0,1
96,-480,32,32,0,1
64,-480,32,32,0,1
0,-512,32,32,0,1
-32,-512,32,32,0,1
-64,-512,32,32,0,1
-96,-512,32,32,0,1
-128,-512,32,32,0,1
-160,-512,32,32,0,1
-192,-512,32,32,0,1
-224,-512,32,32,0,1
-256,-512,32,32,0,1
-288,-512,32,32,0,1
-320,-512,32,32,0,1
-352,-512,32,32,0,1
-384,-512,32,32,0,1
-416,-512,32,32,0,1
-448,-512,32,32,0,1
-480,-512,32,32,0,1
-512,-512,32,32,0,1
-544,-512,32,32,0,1
-576,-512,32,32,0,1
-608,-512,32,32,0,1
-640,-512,32,32,0,1
-672,-512,32,32,0,1
-704,-512,32,32,0,1
-736,-512,32,32,0,1
-768,-512,32,32,0,1
-768,-480,32,32,0,1
-768,-448,32,32,0,1
-768,-416,32,32,0,1
-768,-384,32,32,0,1
-768,-352,32,32,0,1
-768,-320,32,32,0,1
-768,-288,32,32,0,1
-768,-256,32,32,0,1
-768,-224,32,32,0,1
-768,-192,32,32,0,1
-768,-160,32,32,0,1
-768,-128,32,32,0,1
-768,-96,32,32,0,1
-768,-64,32,32,0,1
-768,-32,32,32,0,1
-768,0,32,32,0,1
-768,32,32,32,0,1
-768,64,32,32,0,1
-768,96,32,32,0,1
-768,128,32,32,0,1
-768,160,32,32,0,1
-768,192,32,32,0,1
-768,224,32,32,0,1
-768,256,32,32,0,1
-768,288,32,32,0,1
-768,320,32,32,0,1
-768,352,32,32,0,1
-768,384,32,32,0,1
-768,416,32,32,0,1
-768,448,32,32,0,1
-768,480,32,32,0,1
-768,512,32,32,0,1
-736,512,32,32,0,1
-704,512,32,32,0,1
-704,480,32,32,0,1
-736,480,32,32,0,1
-736,448,32,32,0,1
-736,416,32,32,0,1
-736,384,32,32,0,1
-736,352,32,32,0,1
-736,320,32,32,0,1
-736,288,32,32,0,1
-736,256,32,32,0,1
-736,224,32,32,0,1
-736,192,32,32,0,1
-736,160,32,32,0,1
-736,128,32,32,0,1
-736,96,32,32,0,1
-736,64,32,32,0,1
-736,32,32,32,0,1
-736,0,32,32,0,1
-736,-32,32,32,0,1
-736,-64,32,32,0,1
-736,-96,32,32,0,1
-736,-128,32,32,0,1
-736,-160,32,32,0,1
-736,-192,32,32,0,1
-736,-224,32,32,0,1
-736,-256,32,32,0,1
-736,-288,32,32,0,1
-736,-320,32,32,0,1
-736,-352,32,32,0,1
-736,-384,32,32,0,1
-736,-416,32,32,0,1
-736,-448,32,32,0,1
-736,-480,32,32,0,1
-704,-448,32,32,0,1
-704,-416,32,32,0,1
-704,-384,32,32,0,1
-704,-352,32,32,0,1
-704,-320,32,32,0,1
-704,-288,32,32,0,1
-704,-256,32,32,0,1
-704,-224,32,32,0,1
-704,-192,32,32,0,1
-704,-160,32,32,0,1
-704,-128,32,32,0,1
-704,-96,32,32,0,1
-704,-64,32,32,0,1
-704,-32,32,32,0,1
-704,0,32,32,0,1
-704,32,32,32,0,1
-704,64,32,32,0,1
-704,96,32,32,0,1
-704,128,32,32,0,1
-704,160,32,32,0,1
-704,192,32,32,0,1
-704,224,32,32,0,1
-704,256,32,32,0,1
-704,288,32,32,0,1
-704,320,32,32,0,1
-704,352,32,32,0,1
-704,384,32,32,0,1
-704,416,32,32,0,1
-704,448,32,32,0,1
448,-384,32,32,1,1
